M 1 1 0 9 
M 1 2 0 8 
M 1 3 0 8 
M 1 4 0 7 
M 1 5 0 7 
M 1 6 0 5 
M 1 7 0 1 
M 1 8 0 2 
M 1 9 0 0 
M 1 10 0 2 
X 
M 1 12 0 0 
M 1 13 0 3 
M 1 14 0 2 
M 1 15 0 1 
M 1 16 0 1 
M 1 17 0 1 
M 1 18 0 1 
M 1 19 0 1 
M 1 20 0 0 
M 2 1 0 10 
M 2 2 0 10 
M 2 3 0 8 
M 2 4 0 8 
J 2 5 99 8 
M 2 6 0 4 
M 2 7 0 4 
M 2 8 0 3 
W 2 9 15 19 
G 2 10 0 2 
X 
M 2 12 0 0 
M 2 13 0 1 
M 2 14 0 4 
M 2 15 0 2 
M 2 16 0 2 
M 2 17 0 1 
M 2 18 0 2 
M 2 19 0 2 
M 2 20 0 1 
M 3 1 0 13 
M 3 2 0 12 
M 3 3 0 1 
M 3 4 0 0 
M 3 5 0 8 
J 3 6 99 19 
M 3 7 0 6 
M 3 8 0 4 
A 3 9 7 19 
G 3 10 0 0 
G 3 11 0 5 
G 3 12 0 2 
M 3 13 0 1 
M 3 14 0 2 
M 3 15 0 5 
M 3 16 0 3 
M 3 17 0 2 
M 3 18 0 3 
M 3 19 0 3 
M 3 20 0 3 
M 4 1 0 14 
M 4 2 0 11 
M 4 3 0 10 
L 4 4 3 19 
M 4 5 0 8 
M 4 6 0 10 
M 4 7 0 6 
M 4 8 0 4 
T 4 9 0 1 
T 4 10 0 1 
G 4 11 0 3 
G 4 12 0 12 
G 4 13 0 3 
M 4 14 0 2 
M 4 15 0 3 
M 4 16 0 6 
M 4 17 0 3 
M 4 18 0 2 
M 4 19 0 4 
M 4 20 0 4 
M 5 1 0 3 
M 5 2 0 4 
M 5 3 0 5 
M 5 4 0 4 
M 5 5 0 5 
M 5 6 0 6 
M 5 7 0 5 
T 5 8 0 5 
T 5 9 0 4 
T 5 10 0 2 
G 5 11 0 1 
G 5 12 0 11 
G 5 13 0 4 
G 5 14 0 10 
G 5 15 0 3 
M 5 16 0 4 
M 5 17 0 9 
M 5 18 0 6 
M 5 19 0 7 
M 5 20 0 5 
M 6 1 0 1 
M 6 2 0 0 
L 6 3 3 19 
M 6 4 0 0 
O 6 5 4 19 
M 6 6 0 9 
M 6 7 0 8 
T 6 8 0 6 
T 6 9 0 6 
T 6 10 0 9 
T 6 11 0 4 
G 6 12 0 14 
G 6 13 0 16 
G 6 14 0 8 
T 6 15 0 5 
M 6 16 0 4 
M 6 17 0 5 
M 6 18 0 7 
M 6 19 0 9 
M 6 20 0 8 
X 
G 7 2 0 0 
X 
X 
M 7 5 0 11 
M 7 6 0 5 
M 7 7 0 4 
T 7 8 0 13 
T 7 9 0 7 
T 7 10 0 9 
T 7 11 0 10 
T 7 12 0 16 
G 7 13 0 19 
T 7 14 0 7 
T 7 15 0 4 
M 7 16 0 4 
C 7 17 5 19 
M 7 18 0 6 
M 7 19 0 11 
M 7 20 0 11 
M 8 1 0 6 
M 8 2 0 0 
G 8 3 0 9 
M 8 4 0 6 
M 8 5 0 5 
M 8 6 0 5 
T 8 7 0 5 
T 8 8 0 12 
T 8 9 0 14 
T 8 10 0 16 
T 8 11 0 15 
T 8 12 0 15 
T 8 13 0 17 
T 8 14 0 16 
T 8 15 0 4 
T 8 16 0 3 
M 8 17 0 1 
M 8 18 0 5 
M 8 19 0 13 
M 8 20 0 10 
M 9 1 0 4 
L 9 2 12 19 
A 9 3 7 19 
A 9 4 10 19 
M 9 5 0 4 
M 9 6 0 4 
T 9 7 0 3 
T 9 8 0 6 
T 9 9 0 14 
T 9 10 0 18 
T 9 11 0 11 
T 9 12 0 16 
T 9 13 0 12 
T 9 14 0 18 
M 9 15 0 3 
M 9 16 0 3 
M 9 17 0 2 
M 9 18 0 4 
M 9 19 0 14 
M 9 20 0 12 
M 10 1 0 1 
M 10 2 0 0 
G 10 3 0 17 
M 10 4 0 3 
M 10 5 0 3 
M 10 6 0 3 
T 10 7 0 2 
T 10 8 0 8 
T 10 9 0 10 
T 10 10 0 15 
T 10 11 0 19 
T 10 12 0 14 
M 10 13 0 14 
M 10 14 0 0 
W 10 15 12 19 
M 10 16 0 4 
M 10 17 0 3 
M 10 18 0 4 
M 10 19 0 13 
M 10 20 0 10 
X 
X 
M 11 3 0 2 
G 11 4 0 11 
J 11 5 99 2 
J 11 6 99 7 
J 11 7 99 6 
J 11 8 99 6 
M 11 9 0 7 
G 11 10 0 19 
M 11 11 0 11 
M 11 12 0 15 
M 11 13 0 13 
M 11 14 0 14 
M 11 15 0 2 
M 11 16 0 4 
M 11 17 0 4 
M 11 18 0 4 
M 11 19 0 9 
M 11 20 0 9 
X 
X 
X 
X 
G 12 5 0 19 
J 12 6 99 7 
J 12 7 99 10 
J 12 8 99 7 
J 12 9 99 11 
M 12 10 0 10 
M 12 11 0 11 
M 12 12 0 12 
M 12 13 0 16 
M 12 14 0 15 
M 12 15 0 15 
M 12 16 0 14 
M 12 17 0 8 
M 12 18 0 1 
M 12 19 0 9 
M 12 20 0 8 
X 
Z 13 2 2 19 
X 
X 
J 13 5 99 2 
J 13 6 99 3 
J 13 7 99 13 
J 13 8 99 12 
J 13 9 99 5 
J 13 10 99 14 
J 13 11 99 11 
M 13 12 0 12 
M 13 13 0 14 
M 13 14 0 17 
M 13 15 0 16 
M 13 16 0 15 
M 13 17 0 3 
M 13 18 0 0 
M 13 19 0 3 
M 13 20 0 5 
X 
T 14 2 0 1 
X 
X 
X 
X 
J 14 7 99 19 
J 14 8 99 2 
J 14 9 99 5 
J 14 10 99 6 
J 14 11 99 19 
M 14 12 0 11 
M 14 13 0 13 
M 14 14 0 8 
M 14 15 0 19 
T 14 16 0 19 
M 14 17 0 4 
W 14 18 9 19 
M 14 19 0 4 
M 14 20 0 2 
X 
T 15 2 0 1 
T 15 3 0 2 
X 
X 
X 
X 
X 
X 
J 15 10 99 4 
J 15 11 99 11 
J 15 12 99 6 
G 15 13 0 6 
M 15 14 0 7 
M 15 15 0 11 
M 15 16 0 10 
M 15 17 0 8 
M 15 18 0 6 
M 15 19 0 5 
M 15 20 0 2 
X 
X 
T 16 3 0 8 
T 16 4 0 5 
X 
X 
X 
X 
G 16 9 0 2 
G 16 10 0 7 
J 16 11 99 9 
J 16 12 99 19 
G 16 13 0 14 
M 16 14 0 10 
M 16 15 0 11 
M 16 16 0 10 
M 16 17 0 7 
M 16 18 0 6 
M 16 19 0 5 
M 16 20 0 2 
X 
T 17 2 0 0 
T 17 3 0 4 
T 17 4 0 12 
X 
X 
X 
O 17 8 4 19 
G 17 9 0 0 
L 17 10 6 19 
G 17 11 0 9 
G 17 12 0 12 
G 17 13 0 19 
G 17 14 0 11 
M 17 15 0 9 
M 17 16 0 8 
M 17 17 0 7 
W 17 18 9 19 
M 17 19 0 0 
M 17 20 0 1 
X 
X 
T 18 3 0 2 
T 18 4 0 10 
X 
X 
X 
G 18 8 0 0 
G 18 9 0 1 
G 18 10 0 4 
G 18 11 0 6 
G 18 12 0 8 
G 18 13 0 5 
M 18 14 0 6 
M 18 15 0 7 
M 18 16 0 6 
M 18 17 0 5 
M 18 18 0 4 
M 18 19 0 2 
M 18 20 0 1 
X 
X 
X 
T 19 4 0 5 
X 
X 
X 
X 
X 
G 19 10 0 1 
G 19 11 0 2 
M 19 12 0 3 
M 19 13 0 4 
M 19 14 0 1 
M 19 15 0 5 
M 19 16 0 4 
M 19 17 0 4 
M 19 18 0 3 
M 19 19 0 1 
M 19 20 0 0 
X 
X 
X 
X 
X 
X 
X 
X 
X 
M 20 10 0 1 
M 20 11 0 2 
M 20 12 0 1 
M 20 13 0 0 
M 20 14 0 1 
M 20 15 0 2 
M 20 16 0 3 
M 20 17 0 2 
M 20 18 0 1 
X 
X 
